(kicad_pcb (version 20171130) (host pcbnew 5.1.6-c6e7f7d~86~ubuntu18.04.1)

  (general
    (thickness 1.6)
    (drawings 31)
    (tracks 4552)
    (zones 0)
    (modules 105)
    (nets 309)
  )

  (page A4)
  (layers
    (0 F.Cu signal)
    (1 In1.Cu signal)
    (2 In2.Cu signal)
    (31 B.Cu signal)
    (32 B.Adhes user)
    (33 F.Adhes user)
    (34 B.Paste user)
    (35 F.Paste user)
    (36 B.SilkS user)
    (37 F.SilkS user)
    (38 B.Mask user)
    (39 F.Mask user)
    (40 Dwgs.User user)
    (41 Cmts.User user)
    (42 Eco1.User user)
    (43 Eco2.User user)
    (44 Edge.Cuts user)
    (45 Margin user)
    (46 B.CrtYd user)
    (47 F.CrtYd user)
    (48 B.Fab user)
    (49 F.Fab user)
  )

  (setup
    (last_trace_width 0.254)
    (user_trace_width 0.1524)
    (user_trace_width 0.1778)
    (user_trace_width 0.2032)
    (user_trace_width 0.254)
    (user_trace_width 0.3048)
    (user_trace_width 0.381)
    (user_trace_width 0.508)
    (user_trace_width 0.635)
    (user_trace_width 0.762)
    (user_trace_width 0.889)
    (user_trace_width 1.016)
    (trace_clearance 0.1524)
    (zone_clearance 0.508)
    (zone_45_only no)
    (trace_min 0.1524)
    (via_size 0.6096)
    (via_drill 0.3048)
    (via_min_size 0.5)
    (via_min_drill 0.25)
    (user_via 0.5 0.25)
    (user_via 0.6096 0.3048)
    (user_via 1.016 0.508)
    (uvia_size 0.6096)
    (uvia_drill 0.3048)
    (uvias_allowed no)
    (uvia_min_size 0)
    (uvia_min_drill 0)
    (edge_width 0.15)
    (segment_width 0.2)
    (pcb_text_width 0.3)
    (pcb_text_size 1.5 1.5)
    (mod_edge_width 0.15)
    (mod_text_size 1 1)
    (mod_text_width 0.15)
    (pad_size 1.524 1.524)
    (pad_drill 0.762)
    (pad_to_mask_clearance 0.2)
    (aux_axis_origin 25.4 129.54)
    (grid_origin 25.4 129.54)
    (visible_elements FFFDFF7F)
    (pcbplotparams
      (layerselection 0x212fc_ffffffff)
      (usegerberextensions false)
      (usegerberattributes true)
      (usegerberadvancedattributes true)
      (creategerberjobfile true)
      (excludeedgelayer true)
      (linewidth 0.100000)
      (plotframeref false)
      (viasonmask false)
      (mode 1)
      (useauxorigin false)
      (hpglpennumber 1)
      (hpglpenspeed 20)
      (hpglpendiameter 15.000000)
      (psnegative false)
      (psa4output false)
      (plotreference true)
      (plotvalue false)
      (plotinvisibletext false)
      (padsonsilk false)
      (subtractmaskfromsilk false)
      (outputformat 1)
      (mirror false)
      (drillshape 0)
      (scaleselection 1)
      (outputdirectory "production/"))
  )

  (net 0 "")
  (net 1 /MUX_A_A0)
  (net 2 /MUX_A_A1)
  (net 3 /MUX_A_A2)
  (net 4 /MUX_A_A3)
  (net 5 /MUX_A_A4)
  (net 6 /MUX_B_A0)
  (net 7 /MUX_B_A1)
  (net 8 /MUX_B_A2)
  (net 9 /MUX_B_A3)
  (net 10 /MUX_B_A4)
  (net 11 /MUX_A_A5)
  (net 12 /MUX_A_A6)
  (net 13 /MUX_B_A5)
  (net 14 /MUX_B_A6)
  (net 15 /MUX_B_A7)
  (net 16 /MUX_A_A7)
  (net 17 AGND)
  (net 18 AVCC)
  (net 19 AVSS)
  (net 20 "Net-(D101-Pad1)")
  (net 21 /LED_STATUS)
  (net 22 DVCC)
  (net 23 "Net-(D102-Pad1)")
  (net 24 "Net-(D103-Pad1)")
  (net 25 "Net-(D104-Pad1)")
  (net 26 /mux-tree/OUT)
  (net 27 /sheet6056E1C8/OUT)
  (net 28 "Net-(H106-Pad1)")
  (net 29 CH0:00)
  (net 30 CH0:01)
  (net 31 CH0:02)
  (net 32 CH0:03)
  (net 33 CH0:04)
  (net 34 CH0:05)
  (net 35 CH0:06)
  (net 36 CH0:07)
  (net 37 CH0:08)
  (net 38 CH0:09)
  (net 39 CH0:10)
  (net 40 CH0:11)
  (net 41 CH0:12)
  (net 42 CH0:13)
  (net 43 CH0:14)
  (net 44 CH0:15)
  (net 45 CH0:16)
  (net 46 CH0:17)
  (net 47 CH0:18)
  (net 48 CH0:19)
  (net 49 CH0:20)
  (net 50 CH0:21)
  (net 51 CH0:22)
  (net 52 CH0:23)
  (net 53 CH0:24)
  (net 54 CH0:25)
  (net 55 CH0:26)
  (net 56 CH0:27)
  (net 57 CH0:28)
  (net 58 CH0:29)
  (net 59 CH0:30)
  (net 60 CH0:31)
  (net 61 CH1:00)
  (net 62 CH1:01)
  (net 63 CH1:02)
  (net 64 CH1:03)
  (net 65 CH1:04)
  (net 66 CH1:05)
  (net 67 CH1:06)
  (net 68 CH1:07)
  (net 69 CH1:08)
  (net 70 CH1:09)
  (net 71 CH1:10)
  (net 72 CH1:11)
  (net 73 CH1:12)
  (net 74 CH1:13)
  (net 75 CH1:14)
  (net 76 CH1:15)
  (net 77 CH1:16)
  (net 78 CH1:17)
  (net 79 CH1:18)
  (net 80 CH1:19)
  (net 81 CH1:20)
  (net 82 CH1:21)
  (net 83 CH1:22)
  (net 84 CH1:23)
  (net 85 CH1:24)
  (net 86 CH1:25)
  (net 87 CH1:26)
  (net 88 CH1:27)
  (net 89 CH1:28)
  (net 90 CH1:29)
  (net 91 CH1:30)
  (net 92 CH1:31)
  (net 93 CH2:00)
  (net 94 CH2:01)
  (net 95 CH2:02)
  (net 96 CH2:03)
  (net 97 CH2:04)
  (net 98 CH2:05)
  (net 99 CH2:06)
  (net 100 CH2:07)
  (net 101 CH2:08)
  (net 102 CH2:09)
  (net 103 CH2:10)
  (net 104 CH2:11)
  (net 105 CH2:12)
  (net 106 CH2:13)
  (net 107 CH2:14)
  (net 108 CH2:15)
  (net 109 CH2:16)
  (net 110 CH2:17)
  (net 111 CH2:18)
  (net 112 CH2:19)
  (net 113 CH2:20)
  (net 114 CH2:21)
  (net 115 CH2:22)
  (net 116 CH2:23)
  (net 117 CH2:24)
  (net 118 CH2:25)
  (net 119 CH2:26)
  (net 120 CH2:27)
  (net 121 CH2:28)
  (net 122 CH2:29)
  (net 123 CH2:30)
  (net 124 CH2:31)
  (net 125 CH3:00)
  (net 126 CH3:01)
  (net 127 CH3:02)
  (net 128 CH3:03)
  (net 129 CH3:04)
  (net 130 CH3:05)
  (net 131 CH3:06)
  (net 132 CH3:07)
  (net 133 CH3:08)
  (net 134 CH3:09)
  (net 135 CH3:10)
  (net 136 CH3:11)
  (net 137 CH3:12)
  (net 138 CH3:13)
  (net 139 CH3:14)
  (net 140 CH3:15)
  (net 141 CH3:16)
  (net 142 CH3:17)
  (net 143 CH3:18)
  (net 144 CH3:19)
  (net 145 CH3:20)
  (net 146 CH3:21)
  (net 147 CH3:22)
  (net 148 CH3:23)
  (net 149 CH3:24)
  (net 150 CH3:25)
  (net 151 CH3:26)
  (net 152 CH3:27)
  (net 153 CH3:28)
  (net 154 CH3:29)
  (net 155 CH3:30)
  (net 156 CH3:31)
  (net 157 DGND)
  (net 158 "Net-(M102-PadVBAT)")
  (net 159 "Net-(M102-PadPGM)")
  (net 160 "Net-(M102-PadA14)")
  (net 161 "Net-(M102-Pad17/A3)")
  (net 162 "Net-(M102-Pad18/A4)")
  (net 163 "Net-(M102-Pad19/A5)")
  (net 164 "Net-(M102-Pad20/A6)")
  (net 165 "Net-(M102-Pad21/A7)")
  (net 166 "Net-(M102-Pad22/A8)")
  (net 167 "Net-(M102-Pad23/A9)")
  (net 168 "Net-(M102-PadVIN)")
  (net 169 /ISOL_A_A0)
  (net 170 /ISOL_A_A1)
  (net 171 /ISOL_A_A2)
  (net 172 /ISOL_A_A3)
  (net 173 /mux-tree/INNER4)
  (net 174 /mux-tree/INNER5)
  (net 175 /mux-tree/INNER6)
  (net 176 /sheet6056E1C8/INNER4)
  (net 177 /sheet6056E1C8/INNER5)
  (net 178 /sheet6056E1C8/INNER6)
  (net 179 /ISOL_A_A4)
  (net 180 /ISOL_A_A5)
  (net 181 /ISOL_A_A6)
  (net 182 /ISOL_A_A7)
  (net 183 /ISOL_B_A0)
  (net 184 /ISOL_B_A1)
  (net 185 /ISOL_B_A2)
  (net 186 /ISOL_B_A3)
  (net 187 "Net-(R204-Pad2)")
  (net 188 "Net-(R203-Pad2)")
  (net 189 "Net-(R202-Pad2)")
  (net 190 "Net-(R201-Pad2)")
  (net 191 "Net-(R1504-Pad2)")
  (net 192 "Net-(R1503-Pad2)")
  (net 193 "Net-(R1502-Pad2)")
  (net 194 "Net-(R1501-Pad2)")
  (net 195 "Net-(R1601-Pad2)")
  (net 196 "Net-(R1602-Pad2)")
  (net 197 "Net-(R1603-Pad2)")
  (net 198 "Net-(R1604-Pad2)")
  (net 199 "Net-(R1701-Pad2)")
  (net 200 "Net-(R1702-Pad2)")
  (net 201 "Net-(R1703-Pad2)")
  (net 202 "Net-(R1704-Pad2)")
  (net 203 "Net-(U401-Pad44)")
  (net 204 /mux-tree/INNER0)
  (net 205 "Net-(U401-Pad42)")
  (net 206 "Net-(U401-Pad41)")
  (net 207 "Net-(U501-Pad41)")
  (net 208 "Net-(U501-Pad42)")
  (net 209 /mux-tree/INNER1)
  (net 210 "Net-(U501-Pad44)")
  (net 211 "Net-(U601-Pad44)")
  (net 212 /mux-tree/INNER2)
  (net 213 "Net-(U601-Pad42)")
  (net 214 "Net-(U601-Pad41)")
  (net 215 /mux-tree/sheet603B63F9/CH11)
  (net 216 /mux-tree/sheet603B63F9/CH10)
  (net 217 /mux-tree/sheet603B63F9/CH09)
  (net 218 /mux-tree/sheet603B63F9/CH08)
  (net 219 /mux-tree/sheet603B63F9/CH07)
  (net 220 /mux-tree/INNER3)
  (net 221 /mux-tree/sheet603B63F9/CH16)
  (net 222 /mux-tree/sheet603B63F9/CH17)
  (net 223 /mux-tree/sheet603B63F9/CH18)
  (net 224 /mux-tree/sheet603B63F9/CH19)
  (net 225 /mux-tree/sheet603B63F9/CH20)
  (net 226 /mux-tree/sheet603B63F9/CH21)
  (net 227 /mux-tree/sheet603B63F9/CH22)
  (net 228 /mux-tree/sheet603B63F9/CH23)
  (net 229 /mux-tree/sheet603B63F9/CH24)
  (net 230 /mux-tree/sheet603B63F9/CH25)
  (net 231 /mux-tree/sheet603B63F9/CH26)
  (net 232 /mux-tree/sheet603B63F9/CH27)
  (net 233 /mux-tree/sheet603B63F9/CH28)
  (net 234 /mux-tree/sheet603B63F9/CH29)
  (net 235 /mux-tree/sheet603B63F9/CH30)
  (net 236 /mux-tree/sheet603B63F9/CH31)
  (net 237 "Net-(U701-Pad41)")
  (net 238 "Net-(U701-Pad42)")
  (net 239 "Net-(U701-Pad44)")
  (net 240 /mux-tree/sheet603B63F9/CH15)
  (net 241 /mux-tree/sheet603B63F9/CH14)
  (net 242 /mux-tree/sheet603B63F9/CH13)
  (net 243 /mux-tree/sheet603B63F9/CH12)
  (net 244 "Net-(U801-Pad44)")
  (net 245 "Net-(U801-Pad42)")
  (net 246 "Net-(U801-Pad41)")
  (net 247 "Net-(U1001-Pad44)")
  (net 248 /sheet6056E1C8/INNER0)
  (net 249 "Net-(U1001-Pad42)")
  (net 250 "Net-(U1001-Pad41)")
  (net 251 /ISOL_B_A4)
  (net 252 "Net-(U1101-Pad41)")
  (net 253 "Net-(U1101-Pad42)")
  (net 254 /sheet6056E1C8/INNER1)
  (net 255 "Net-(U1101-Pad44)")
  (net 256 "Net-(U1201-Pad41)")
  (net 257 "Net-(U1201-Pad42)")
  (net 258 /sheet6056E1C8/INNER2)
  (net 259 "Net-(U1201-Pad44)")
  (net 260 /sheet6056E1C8/sheet603B63F9/CH11)
  (net 261 /sheet6056E1C8/sheet603B63F9/CH10)
  (net 262 /sheet6056E1C8/sheet603B63F9/CH09)
  (net 263 /sheet6056E1C8/sheet603B63F9/CH08)
  (net 264 /sheet6056E1C8/sheet603B63F9/CH07)
  (net 265 /sheet6056E1C8/INNER3)
  (net 266 /ISOL_B_A5)
  (net 267 /ISOL_B_A6)
  (net 268 /ISOL_B_A7)
  (net 269 /sheet6056E1C8/sheet603B63F9/CH16)
  (net 270 /sheet6056E1C8/sheet603B63F9/CH17)
  (net 271 /sheet6056E1C8/sheet603B63F9/CH18)
  (net 272 /sheet6056E1C8/sheet603B63F9/CH19)
  (net 273 /sheet6056E1C8/sheet603B63F9/CH20)
  (net 274 /sheet6056E1C8/sheet603B63F9/CH21)
  (net 275 /sheet6056E1C8/sheet603B63F9/CH22)
  (net 276 /sheet6056E1C8/sheet603B63F9/CH23)
  (net 277 /sheet6056E1C8/sheet603B63F9/CH24)
  (net 278 /sheet6056E1C8/sheet603B63F9/CH25)
  (net 279 /sheet6056E1C8/sheet603B63F9/CH26)
  (net 280 /sheet6056E1C8/sheet603B63F9/CH27)
  (net 281 /sheet6056E1C8/sheet603B63F9/CH28)
  (net 282 /sheet6056E1C8/sheet603B63F9/CH29)
  (net 283 /sheet6056E1C8/sheet603B63F9/CH30)
  (net 284 /sheet6056E1C8/sheet603B63F9/CH31)
  (net 285 "Net-(U1301-Pad41)")
  (net 286 "Net-(U1301-Pad42)")
  (net 287 "Net-(U1301-Pad44)")
  (net 288 /sheet6056E1C8/sheet603B63F9/CH15)
  (net 289 /sheet6056E1C8/sheet603B63F9/CH14)
  (net 290 /sheet6056E1C8/sheet603B63F9/CH13)
  (net 291 /sheet6056E1C8/sheet603B63F9/CH12)
  (net 292 "Net-(U1401-Pad44)")
  (net 293 "Net-(U1401-Pad42)")
  (net 294 "Net-(U1401-Pad41)")
  (net 295 "Net-(M101-PadSCL)")
  (net 296 "Net-(M101-PadSDA)")
  (net 297 "Net-(M101-PadATN)")
  (net 298 "Net-(M101-PadDREF)")
  (net 299 "Net-(M101-PadAD5)")
  (net 300 "Net-(M101-PadAD4)")
  (net 301 "Net-(M101-PadAD3)")
  (net 302 "Net-(M101-PadV_IN)")
  (net 303 "Net-(M101-PadRST)")
  (net 304 "Net-(M101-PadAREF)")
  (net 305 "Net-(M101-Pad5V)")
  (net 306 "Net-(M101-PadSCK)")
  (net 307 "Net-(M101-PadMISO)")
  (net 308 "Net-(M101-PadMOSI)")

  (net_class Default "This is the default net class."
    (clearance 0.1524)
    (trace_width 0.1524)
    (via_dia 0.6096)
    (via_drill 0.3048)
    (uvia_dia 0.6096)
    (uvia_drill 0.3048)
    (add_net /ISOL_A_A0)
    (add_net /ISOL_A_A1)
    (add_net /ISOL_A_A2)
    (add_net /ISOL_A_A3)
    (add_net /ISOL_A_A4)
    (add_net /ISOL_A_A5)
    (add_net /ISOL_A_A6)
    (add_net /ISOL_A_A7)
    (add_net /ISOL_B_A0)
    (add_net /ISOL_B_A1)
    (add_net /ISOL_B_A2)
    (add_net /ISOL_B_A3)
    (add_net /ISOL_B_A4)
    (add_net /ISOL_B_A5)
    (add_net /ISOL_B_A6)
    (add_net /ISOL_B_A7)
    (add_net /LED_STATUS)
    (add_net /MUX_A_A0)
    (add_net /MUX_A_A1)
    (add_net /MUX_A_A2)
    (add_net /MUX_A_A3)
    (add_net /MUX_A_A4)
    (add_net /MUX_A_A5)
    (add_net /MUX_A_A6)
    (add_net /MUX_A_A7)
    (add_net /MUX_B_A0)
    (add_net /MUX_B_A1)
    (add_net /MUX_B_A2)
    (add_net /MUX_B_A3)
    (add_net /MUX_B_A4)
    (add_net /MUX_B_A5)
    (add_net /MUX_B_A6)
    (add_net /MUX_B_A7)
    (add_net /mux-tree/INNER0)
    (add_net /mux-tree/INNER1)
    (add_net /mux-tree/INNER2)
    (add_net /mux-tree/INNER3)
    (add_net /mux-tree/INNER4)
    (add_net /mux-tree/INNER5)
    (add_net /mux-tree/INNER6)
    (add_net /mux-tree/OUT)
    (add_net /mux-tree/sheet603B63F9/CH07)
    (add_net /mux-tree/sheet603B63F9/CH08)
    (add_net /mux-tree/sheet603B63F9/CH09)
    (add_net /mux-tree/sheet603B63F9/CH10)
    (add_net /mux-tree/sheet603B63F9/CH11)
    (add_net /mux-tree/sheet603B63F9/CH12)
    (add_net /mux-tree/sheet603B63F9/CH13)
    (add_net /mux-tree/sheet603B63F9/CH14)
    (add_net /mux-tree/sheet603B63F9/CH15)
    (add_net /mux-tree/sheet603B63F9/CH16)
    (add_net /mux-tree/sheet603B63F9/CH17)
    (add_net /mux-tree/sheet603B63F9/CH18)
    (add_net /mux-tree/sheet603B63F9/CH19)
    (add_net /mux-tree/sheet603B63F9/CH20)
    (add_net /mux-tree/sheet603B63F9/CH21)
    (add_net /mux-tree/sheet603B63F9/CH22)
    (add_net /mux-tree/sheet603B63F9/CH23)
    (add_net /mux-tree/sheet603B63F9/CH24)
    (add_net /mux-tree/sheet603B63F9/CH25)
    (add_net /mux-tree/sheet603B63F9/CH26)
    (add_net /mux-tree/sheet603B63F9/CH27)
    (add_net /mux-tree/sheet603B63F9/CH28)
    (add_net /mux-tree/sheet603B63F9/CH29)
    (add_net /mux-tree/sheet603B63F9/CH30)
    (add_net /mux-tree/sheet603B63F9/CH31)
    (add_net /sheet6056E1C8/INNER0)
    (add_net /sheet6056E1C8/INNER1)
    (add_net /sheet6056E1C8/INNER2)
    (add_net /sheet6056E1C8/INNER3)
    (add_net /sheet6056E1C8/INNER4)
    (add_net /sheet6056E1C8/INNER5)
    (add_net /sheet6056E1C8/INNER6)
    (add_net /sheet6056E1C8/OUT)
    (add_net /sheet6056E1C8/sheet603B63F9/CH07)
    (add_net /sheet6056E1C8/sheet603B63F9/CH08)
    (add_net /sheet6056E1C8/sheet603B63F9/CH09)
    (add_net /sheet6056E1C8/sheet603B63F9/CH10)
    (add_net /sheet6056E1C8/sheet603B63F9/CH11)
    (add_net /sheet6056E1C8/sheet603B63F9/CH12)
    (add_net /sheet6056E1C8/sheet603B63F9/CH13)
    (add_net /sheet6056E1C8/sheet603B63F9/CH14)
    (add_net /sheet6056E1C8/sheet603B63F9/CH15)
    (add_net /sheet6056E1C8/sheet603B63F9/CH16)
    (add_net /sheet6056E1C8/sheet603B63F9/CH17)
    (add_net /sheet6056E1C8/sheet603B63F9/CH18)
    (add_net /sheet6056E1C8/sheet603B63F9/CH19)
    (add_net /sheet6056E1C8/sheet603B63F9/CH20)
    (add_net /sheet6056E1C8/sheet603B63F9/CH21)
    (add_net /sheet6056E1C8/sheet603B63F9/CH22)
    (add_net /sheet6056E1C8/sheet603B63F9/CH23)
    (add_net /sheet6056E1C8/sheet603B63F9/CH24)
    (add_net /sheet6056E1C8/sheet603B63F9/CH25)
    (add_net /sheet6056E1C8/sheet603B63F9/CH26)
    (add_net /sheet6056E1C8/sheet603B63F9/CH27)
    (add_net /sheet6056E1C8/sheet603B63F9/CH28)
    (add_net /sheet6056E1C8/sheet603B63F9/CH29)
    (add_net /sheet6056E1C8/sheet603B63F9/CH30)
    (add_net /sheet6056E1C8/sheet603B63F9/CH31)
    (add_net AGND)
    (add_net AVCC)
    (add_net AVSS)
    (add_net CH0:00)
    (add_net CH0:01)
    (add_net CH0:02)
    (add_net CH0:03)
    (add_net CH0:04)
    (add_net CH0:05)
    (add_net CH0:06)
    (add_net CH0:07)
    (add_net CH0:08)
    (add_net CH0:09)
    (add_net CH0:10)
    (add_net CH0:11)
    (add_net CH0:12)
    (add_net CH0:13)
    (add_net CH0:14)
    (add_net CH0:15)
    (add_net CH0:16)
    (add_net CH0:17)
    (add_net CH0:18)
    (add_net CH0:19)
    (add_net CH0:20)
    (add_net CH0:21)
    (add_net CH0:22)
    (add_net CH0:23)
    (add_net CH0:24)
    (add_net CH0:25)
    (add_net CH0:26)
    (add_net CH0:27)
    (add_net CH0:28)
    (add_net CH0:29)
    (add_net CH0:30)
    (add_net CH0:31)
    (add_net CH1:00)
    (add_net CH1:01)
    (add_net CH1:02)
    (add_net CH1:03)
    (add_net CH1:04)
    (add_net CH1:05)
    (add_net CH1:06)
    (add_net CH1:07)
    (add_net CH1:08)
    (add_net CH1:09)
    (add_net CH1:10)
    (add_net CH1:11)
    (add_net CH1:12)
    (add_net CH1:13)
    (add_net CH1:14)
    (add_net CH1:15)
    (add_net CH1:16)
    (add_net CH1:17)
    (add_net CH1:18)
    (add_net CH1:19)
    (add_net CH1:20)
    (add_net CH1:21)
    (add_net CH1:22)
    (add_net CH1:23)
    (add_net CH1:24)
    (add_net CH1:25)
    (add_net CH1:26)
    (add_net CH1:27)
    (add_net CH1:28)
    (add_net CH1:29)
    (add_net CH1:30)
    (add_net CH1:31)
    (add_net CH2:00)
    (add_net CH2:01)
    (add_net CH2:02)
    (add_net CH2:03)
    (add_net CH2:04)
    (add_net CH2:05)
    (add_net CH2:06)
    (add_net CH2:07)
    (add_net CH2:08)
    (add_net CH2:09)
    (add_net CH2:10)
    (add_net CH2:11)
    (add_net CH2:12)
    (add_net CH2:13)
    (add_net CH2:14)
    (add_net CH2:15)
    (add_net CH2:16)
    (add_net CH2:17)
    (add_net CH2:18)
    (add_net CH2:19)
    (add_net CH2:20)
    (add_net CH2:21)
    (add_net CH2:22)
    (add_net CH2:23)
    (add_net CH2:24)
    (add_net CH2:25)
    (add_net CH2:26)
    (add_net CH2:27)
    (add_net CH2:28)
    (add_net CH2:29)
    (add_net CH2:30)
    (add_net CH2:31)
    (add_net CH3:00)
    (add_net CH3:01)
    (add_net CH3:02)
    (add_net CH3:03)
    (add_net CH3:04)
    (add_net CH3:05)
    (add_net CH3:06)
    (add_net CH3:07)
    (add_net CH3:08)
    (add_net CH3:09)
    (add_net CH3:10)
    (add_net CH3:11)
    (add_net CH3:12)
    (add_net CH3:13)
    (add_net CH3:14)
    (add_net CH3:15)
    (add_net CH3:16)
    (add_net CH3:17)
    (add_net CH3:18)
    (add_net CH3:19)
    (add_net CH3:20)
    (add_net CH3:21)
    (add_net CH3:22)
    (add_net CH3:23)
    (add_net CH3:24)
    (add_net CH3:25)
    (add_net CH3:26)
    (add_net CH3:27)
    (add_net CH3:28)
    (add_net CH3:29)
    (add_net CH3:30)
    (add_net CH3:31)
    (add_net DGND)
    (add_net DVCC)
    (add_net "Net-(D101-Pad1)")
    (add_net "Net-(D102-Pad1)")
    (add_net "Net-(D103-Pad1)")
    (add_net "Net-(D104-Pad1)")
    (add_net "Net-(H106-Pad1)")
    (add_net "Net-(M101-Pad5V)")
    (add_net "Net-(M101-PadAD3)")
    (add_net "Net-(M101-PadAD4)")
    (add_net "Net-(M101-PadAD5)")
    (add_net "Net-(M101-PadAREF)")
    (add_net "Net-(M101-PadATN)")
    (add_net "Net-(M101-PadDREF)")
    (add_net "Net-(M101-PadMISO)")
    (add_net "Net-(M101-PadMOSI)")
    (add_net "Net-(M101-PadRST)")
    (add_net "Net-(M101-PadSCK)")
    (add_net "Net-(M101-PadSCL)")
    (add_net "Net-(M101-PadSDA)")
    (add_net "Net-(M101-PadV_IN)")
    (add_net "Net-(M102-Pad17/A3)")
    (add_net "Net-(M102-Pad18/A4)")
    (add_net "Net-(M102-Pad19/A5)")
    (add_net "Net-(M102-Pad20/A6)")
    (add_net "Net-(M102-Pad21/A7)")
    (add_net "Net-(M102-Pad22/A8)")
    (add_net "Net-(M102-Pad23/A9)")
    (add_net "Net-(M102-PadA14)")
    (add_net "Net-(M102-PadPGM)")
    (add_net "Net-(M102-PadVBAT)")
    (add_net "Net-(M102-PadVIN)")
    (add_net "Net-(R1501-Pad2)")
    (add_net "Net-(R1502-Pad2)")
    (add_net "Net-(R1503-Pad2)")
    (add_net "Net-(R1504-Pad2)")
    (add_net "Net-(R1601-Pad2)")
    (add_net "Net-(R1602-Pad2)")
    (add_net "Net-(R1603-Pad2)")
    (add_net "Net-(R1604-Pad2)")
    (add_net "Net-(R1701-Pad2)")
    (add_net "Net-(R1702-Pad2)")
    (add_net "Net-(R1703-Pad2)")
    (add_net "Net-(R1704-Pad2)")
    (add_net "Net-(R201-Pad2)")
    (add_net "Net-(R202-Pad2)")
    (add_net "Net-(R203-Pad2)")
    (add_net "Net-(R204-Pad2)")
    (add_net "Net-(U1001-Pad41)")
    (add_net "Net-(U1001-Pad42)")
    (add_net "Net-(U1001-Pad44)")
    (add_net "Net-(U1101-Pad41)")
    (add_net "Net-(U1101-Pad42)")
    (add_net "Net-(U1101-Pad44)")
    (add_net "Net-(U1201-Pad41)")
    (add_net "Net-(U1201-Pad42)")
    (add_net "Net-(U1201-Pad44)")
    (add_net "Net-(U1301-Pad41)")
    (add_net "Net-(U1301-Pad42)")
    (add_net "Net-(U1301-Pad44)")
    (add_net "Net-(U1401-Pad41)")
    (add_net "Net-(U1401-Pad42)")
    (add_net "Net-(U1401-Pad44)")
    (add_net "Net-(U401-Pad41)")
    (add_net "Net-(U401-Pad42)")
    (add_net "Net-(U401-Pad44)")
    (add_net "Net-(U501-Pad41)")
    (add_net "Net-(U501-Pad42)")
    (add_net "Net-(U501-Pad44)")
    (add_net "Net-(U601-Pad41)")
    (add_net "Net-(U601-Pad42)")
    (add_net "Net-(U601-Pad44)")
    (add_net "Net-(U701-Pad41)")
    (add_net "Net-(U701-Pad42)")
    (add_net "Net-(U701-Pad44)")
    (add_net "Net-(U801-Pad41)")
    (add_net "Net-(U801-Pad42)")
    (add_net "Net-(U801-Pad44)")
  )

  (module Capacitor_SMD:C_0805_2012Metric (layer F.Cu) (tedit 5B36C52B) (tstamp 5F86C179)
    (at 61.9 126.54 180)
    (descr "Capacitor SMD 0805 (2012 Metric), square (rectangular) end terminal, IPC_7351 nominal, (Body size source: https://docs.google.com/spreadsheets/d/1BsfQQcO9C6DZCsRaXUlFlo91Tg2WpOkGARC1WS5S8t0/edit?usp=sharing), generated with kicad-footprint-generator")
    (tags capacitor)
    (path /607591B0)
    (attr smd)
    (fp_text reference C102 (at 0 -1.65) (layer F.SilkS)
      (effects (font (size 1 1) (thickness 0.15)))
    )
    (fp_text value 47uF (at 0 1.65) (layer F.Fab)
      (effects (font (size 1 1) (thickness 0.15)))
    )
    (fp_line (start 1.68 0.95) (end -1.68 0.95) (layer F.CrtYd) (width 0.05))
    (fp_line (start 1.68 -0.95) (end 1.68 0.95) (layer F.CrtYd) (width 0.05))
    (fp_line (start -1.68 -0.95) (end 1.68 -0.95) (layer F.CrtYd) (width 0.05))
    (fp_line (start -1.68 0.95) (end -1.68 -0.95) (layer F.CrtYd) (width 0.05))
    (fp_line (start -0.258578 0.71) (end 0.258578 0.71) (layer F.SilkS) (width 0.12))
    (fp_line (start -0.258578 -0.71) (end 0.258578 -0.71) (layer F.SilkS) (width 0.12))
    (fp_line (start 1 0.6) (end -1 0.6) (layer F.Fab) (width 0.1))
    (fp_line (start 1 -0.6) (end 1 0.6) (layer F.Fab) (width 0.1))
    (fp_line (start -1 -0.6) (end 1 -0.6) (layer F.Fab) (width 0.1))
    (fp_line (start -1 0.6) (end -1 -0.6) (layer F.Fab) (width 0.1))
    (fp_text user %R (at 0 0) (layer F.Fab)
      (effects (font (size 0.5 0.5) (thickness 0.08)))
    )
    (pad 2 smd roundrect (at 0.9375 0 180) (size 0.975 1.4) (layers F.Cu F.Paste F.Mask) (roundrect_rratio 0.25)
      (net 19 AVSS))
    (pad 1 smd roundrect (at -0.9375 0 180) (size 0.975 1.4) (layers F.Cu F.Paste F.Mask) (roundrect_rratio 0.25)
      (net 17 AGND))
    (model ${KISYS3DMOD}/Capacitor_SMD.3dshapes/C_0805_2012Metric.wrl
      (at (xyz 0 0 0))
      (scale (xyz 1 1 1))
      (rotate (xyz 0 0 0))
    )
  )

  (module Capacitor_SMD:C_0805_2012Metric (layer F.Cu) (tedit 5B36C52B) (tstamp 5F86C18A)
    (at 81.4 126.54)
    (descr "Capacitor SMD 0805 (2012 Metric), square (rectangular) end terminal, IPC_7351 nominal, (Body size source: https://docs.google.com/spreadsheets/d/1BsfQQcO9C6DZCsRaXUlFlo91Tg2WpOkGARC1WS5S8t0/edit?usp=sharing), generated with kicad-footprint-generator")
    (tags capacitor)
    (path /60754469)
    (attr smd)
    (fp_text reference C101 (at 0 -1.65) (layer F.SilkS)
      (effects (font (size 1 1) (thickness 0.15)))
    )
    (fp_text value 47uF (at 0 1.65) (layer F.Fab)
      (effects (font (size 1 1) (thickness 0.15)))
    )
    (fp_line (start -1 0.6) (end -1 -0.6) (layer F.Fab) (width 0.1))
    (fp_line (start -1 -0.6) (end 1 -0.6) (layer F.Fab) (width 0.1))
    (fp_line (start 1 -0.6) (end 1 0.6) (layer F.Fab) (width 0.1))
    (fp_line (start 1 0.6) (end -1 0.6) (layer F.Fab) (width 0.1))
    (fp_line (start -0.258578 -0.71) (end 0.258578 -0.71) (layer F.SilkS) (width 0.12))
    (fp_line (start -0.258578 0.71) (end 0.258578 0.71) (layer F.SilkS) (width 0.12))
    (fp_line (start -1.68 0.95) (end -1.68 -0.95) (layer F.CrtYd) (width 0.05))
    (fp_line (start -1.68 -0.95) (end 1.68 -0.95) (layer F.CrtYd) (width 0.05))
    (fp_line (start 1.68 -0.95) (end 1.68 0.95) (layer F.CrtYd) (width 0.05))
    (fp_line (start 1.68 0.95) (end -1.68 0.95) (layer F.CrtYd) (width 0.05))
    (fp_text user %R (at 0 0) (layer F.Fab)
      (effects (font (size 0.5 0.5) (thickness 0.08)))
    )
    (pad 1 smd roundrect (at -0.9375 0) (size 0.975 1.4) (layers F.Cu F.Paste F.Mask) (roundrect_rratio 0.25)
      (net 17 AGND))
    (pad 2 smd roundrect (at 0.9375 0) (size 0.975 1.4) (layers F.Cu F.Paste F.Mask) (roundrect_rratio 0.25)
      (net 18 AVCC))
    (model ${KISYS3DMOD}/Capacitor_SMD.3dshapes/C_0805_2012Metric.wrl
      (at (xyz 0 0 0))
      (scale (xyz 1 1 1))
      (rotate (xyz 0 0 0))
    )
  )

  (module Capacitor_SMD:C_0805_2012Metric (layer F.Cu) (tedit 5B36C52B) (tstamp 5F86C19B)
    (at 78.4 65.54 90)
    (descr "Capacitor SMD 0805 (2012 Metric), square (rectangular) end terminal, IPC_7351 nominal, (Body size source: https://docs.google.com/spreadsheets/d/1BsfQQcO9C6DZCsRaXUlFlo91Tg2WpOkGARC1WS5S8t0/edit?usp=sharing), generated with kicad-footprint-generator")
    (tags capacitor)
    (path /6024D6F3/602989A2/602A50B9)
    (attr smd)
    (fp_text reference C401 (at 0 -1.65 90) (layer F.SilkS)
      (effects (font (size 1 1) (thickness 0.15)))
    )
    (fp_text value 0.1uF (at 0 1.65 90) (layer F.Fab)
      (effects (font (size 1 1) (thickness 0.15)))
    )
    (fp_line (start 1.68 0.95) (end -1.68 0.95) (layer F.CrtYd) (width 0.05))
    (fp_line (start 1.68 -0.95) (end 1.68 0.95) (layer F.CrtYd) (width 0.05))
    (fp_line (start -1.68 -0.95) (end 1.68 -0.95) (layer F.CrtYd) (width 0.05))
    (fp_line (start -1.68 0.95) (end -1.68 -0.95) (layer F.CrtYd) (width 0.05))
    (fp_line (start -0.258578 0.71) (end 0.258578 0.71) (layer F.SilkS) (width 0.12))
    (fp_line (start -0.258578 -0.71) (end 0.258578 -0.71) (layer F.SilkS) (width 0.12))
    (fp_line (start 1 0.6) (end -1 0.6) (layer F.Fab) (width 0.1))
    (fp_line (start 1 -0.6) (end 1 0.6) (layer F.Fab) (width 0.1))
    (fp_line (start -1 -0.6) (end 1 -0.6) (layer F.Fab) (width 0.1))
    (fp_line (start -1 0.6) (end -1 -0.6) (layer F.Fab) (width 0.1))
    (fp_text user %R (at 0 0 90) (layer F.Fab)
      (effects (font (size 0.5 0.5) (thickness 0.08)))
    )
    (pad 2 smd roundrect (at 0.9375 0 90) (size 0.975 1.4) (layers F.Cu F.Paste F.Mask) (roundrect_rratio 0.25)
      (net 17 AGND))
    (pad 1 smd roundrect (at -0.9375 0 90) (size 0.975 1.4) (layers F.Cu F.Paste F.Mask) (roundrect_rratio 0.25)
      (net 18 AVCC))
    (model ${KISYS3DMOD}/Capacitor_SMD.3dshapes/C_0805_2012Metric.wrl
      (at (xyz 0 0 0))
      (scale (xyz 1 1 1))
      (rotate (xyz 0 0 0))
    )
  )

  (module Capacitor_SMD:C_0805_2012Metric (layer F.Cu) (tedit 5B36C52B) (tstamp 5F86C1AC)
    (at 78.4 73.54 90)
    (descr "Capacitor SMD 0805 (2012 Metric), square (rectangular) end terminal, IPC_7351 nominal, (Body size source: https://docs.google.com/spreadsheets/d/1BsfQQcO9C6DZCsRaXUlFlo91Tg2WpOkGARC1WS5S8t0/edit?usp=sharing), generated with kicad-footprint-generator")
    (tags capacitor)
    (path /6024D6F3/602989A2/602A13EF)
    (attr smd)
    (fp_text reference C402 (at 0 -1.65 90) (layer F.SilkS)
      (effects (font (size 1 1) (thickness 0.15)))
    )
    (fp_text value 0.1uF (at 0 1.65 90) (layer F.Fab)
      (effects (font (size 1 1) (thickness 0.15)))
    )
    (fp_line (start -1 0.6) (end -1 -0.6) (layer F.Fab) (width 0.1))
    (fp_line (start -1 -0.6) (end 1 -0.6) (layer F.Fab) (width 0.1))
    (fp_line (start 1 -0.6) (end 1 0.6) (layer F.Fab) (width 0.1))
    (fp_line (start 1 0.6) (end -1 0.6) (layer F.Fab) (width 0.1))
    (fp_line (start -0.258578 -0.71) (end 0.258578 -0.71) (layer F.SilkS) (width 0.12))
    (fp_line (start -0.258578 0.71) (end 0.258578 0.71) (layer F.SilkS) (width 0.12))
    (fp_line (start -1.68 0.95) (end -1.68 -0.95) (layer F.CrtYd) (width 0.05))
    (fp_line (start -1.68 -0.95) (end 1.68 -0.95) (layer F.CrtYd) (width 0.05))
    (fp_line (start 1.68 -0.95) (end 1.68 0.95) (layer F.CrtYd) (width 0.05))
    (fp_line (start 1.68 0.95) (end -1.68 0.95) (layer F.CrtYd) (width 0.05))
    (fp_text user %R (at 0 0 90) (layer F.Fab)
      (effects (font (size 0.5 0.5) (thickness 0.08)))
    )
    (pad 1 smd roundrect (at -0.9375 0 90) (size 0.975 1.4) (layers F.Cu F.Paste F.Mask) (roundrect_rratio 0.25)
      (net 17 AGND))
    (pad 2 smd roundrect (at 0.9375 0 90) (size 0.975 1.4) (layers F.Cu F.Paste F.Mask) (roundrect_rratio 0.25)
      (net 19 AVSS))
    (model ${KISYS3DMOD}/Capacitor_SMD.3dshapes/C_0805_2012Metric.wrl
      (at (xyz 0 0 0))
      (scale (xyz 1 1 1))
      (rotate (xyz 0 0 0))
    )
  )

  (module Capacitor_SMD:C_0805_2012Metric (layer F.Cu) (tedit 5B36C52B) (tstamp 5F86C1BD)
    (at 67.4 90.54 270)
    (descr "Capacitor SMD 0805 (2012 Metric), square (rectangular) end terminal, IPC_7351 nominal, (Body size source: https://docs.google.com/spreadsheets/d/1BsfQQcO9C6DZCsRaXUlFlo91Tg2WpOkGARC1WS5S8t0/edit?usp=sharing), generated with kicad-footprint-generator")
    (tags capacitor)
    (path /6024D6F3/6039F0CA/602A50B9)
    (attr smd)
    (fp_text reference C501 (at 0 -1.65 90) (layer F.SilkS)
      (effects (font (size 1 1) (thickness 0.15)))
    )
    (fp_text value 0.1uF (at 0 1.65 90) (layer F.Fab)
      (effects (font (size 1 1) (thickness 0.15)))
    )
    (fp_line (start -1 0.6) (end -1 -0.6) (layer F.Fab) (width 0.1))
    (fp_line (start -1 -0.6) (end 1 -0.6) (layer F.Fab) (width 0.1))
    (fp_line (start 1 -0.6) (end 1 0.6) (layer F.Fab) (width 0.1))
    (fp_line (start 1 0.6) (end -1 0.6) (layer F.Fab) (width 0.1))
    (fp_line (start -0.258578 -0.71) (end 0.258578 -0.71) (layer F.SilkS) (width 0.12))
    (fp_line (start -0.258578 0.71) (end 0.258578 0.71) (layer F.SilkS) (width 0.12))
    (fp_line (start -1.68 0.95) (end -1.68 -0.95) (layer F.CrtYd) (width 0.05))
    (fp_line (start -1.68 -0.95) (end 1.68 -0.95) (layer F.CrtYd) (width 0.05))
    (fp_line (start 1.68 -0.95) (end 1.68 0.95) (layer F.CrtYd) (width 0.05))
    (fp_line (start 1.68 0.95) (end -1.68 0.95) (layer F.CrtYd) (width 0.05))
    (fp_text user %R (at 0 0 90) (layer F.Fab)
      (effects (font (size 0.5 0.5) (thickness 0.08)))
    )
    (pad 1 smd roundrect (at -0.9375 0 270) (size 0.975 1.4) (layers F.Cu F.Paste F.Mask) (roundrect_rratio 0.25)
      (net 18 AVCC))
    (pad 2 smd roundrect (at 0.9375 0 270) (size 0.975 1.4) (layers F.Cu F.Paste F.Mask) (roundrect_rratio 0.25)
      (net 17 AGND))
    (model ${KISYS3DMOD}/Capacitor_SMD.3dshapes/C_0805_2012Metric.wrl
      (at (xyz 0 0 0))
      (scale (xyz 1 1 1))
      (rotate (xyz 0 0 0))
    )
  )

  (module Capacitor_SMD:C_0805_2012Metric (layer F.Cu) (tedit 5B36C52B) (tstamp 5F86C1CE)
    (at 67.4 82.54 270)
    (descr "Capacitor SMD 0805 (2012 Metric), square (rectangular) end terminal, IPC_7351 nominal, (Body size source: https://docs.google.com/spreadsheets/d/1BsfQQcO9C6DZCsRaXUlFlo91Tg2WpOkGARC1WS5S8t0/edit?usp=sharing), generated with kicad-footprint-generator")
    (tags capacitor)
    (path /6024D6F3/6039F0CA/602A13EF)
    (attr smd)
    (fp_text reference C502 (at 0 -1.65 90) (layer F.SilkS)
      (effects (font (size 1 1) (thickness 0.15)))
    )
    (fp_text value 0.1uF (at 0 1.65 90) (layer F.Fab)
      (effects (font (size 1 1) (thickness 0.15)))
    )
    (fp_line (start -1 0.6) (end -1 -0.6) (layer F.Fab) (width 0.1))
    (fp_line (start -1 -0.6) (end 1 -0.6) (layer F.Fab) (width 0.1))
    (fp_line (start 1 -0.6) (end 1 0.6) (layer F.Fab) (width 0.1))
    (fp_line (start 1 0.6) (end -1 0.6) (layer F.Fab) (width 0.1))
    (fp_line (start -0.258578 -0.71) (end 0.258578 -0.71) (layer F.SilkS) (width 0.12))
    (fp_line (start -0.258578 0.71) (end 0.258578 0.71) (layer F.SilkS) (width 0.12))
    (fp_line (start -1.68 0.95) (end -1.68 -0.95) (layer F.CrtYd) (width 0.05))
    (fp_line (start -1.68 -0.95) (end 1.68 -0.95) (layer F.CrtYd) (width 0.05))
    (fp_line (start 1.68 -0.95) (end 1.68 0.95) (layer F.CrtYd) (width 0.05))
    (fp_line (start 1.68 0.95) (end -1.68 0.95) (layer F.CrtYd) (width 0.05))
    (fp_text user %R (at 0 0 90) (layer F.Fab)
      (effects (font (size 0.5 0.5) (thickness 0.08)))
    )
    (pad 1 smd roundrect (at -0.9375 0 270) (size 0.975 1.4) (layers F.Cu F.Paste F.Mask) (roundrect_rratio 0.25)
      (net 17 AGND))
    (pad 2 smd roundrect (at 0.9375 0 270) (size 0.975 1.4) (layers F.Cu F.Paste F.Mask) (roundrect_rratio 0.25)
      (net 19 AVSS))
    (model ${KISYS3DMOD}/Capacitor_SMD.3dshapes/C_0805_2012Metric.wrl
      (at (xyz 0 0 0))
      (scale (xyz 1 1 1))
      (rotate (xyz 0 0 0))
    )
  )

  (module Capacitor_SMD:C_0805_2012Metric (layer F.Cu) (tedit 5B36C52B) (tstamp 5F86C1DF)
    (at 78.4 82.54 90)
    (descr "Capacitor SMD 0805 (2012 Metric), square (rectangular) end terminal, IPC_7351 nominal, (Body size source: https://docs.google.com/spreadsheets/d/1BsfQQcO9C6DZCsRaXUlFlo91Tg2WpOkGARC1WS5S8t0/edit?usp=sharing), generated with kicad-footprint-generator")
    (tags capacitor)
    (path /6024D6F3/603A69C7/602A50B9)
    (attr smd)
    (fp_text reference C601 (at 0 -1.65 90) (layer F.SilkS)
      (effects (font (size 1 1) (thickness 0.15)))
    )
    (fp_text value 0.1uF (at 0 1.65 90) (layer F.Fab)
      (effects (font (size 1 1) (thickness 0.15)))
    )
    (fp_line (start 1.68 0.95) (end -1.68 0.95) (layer F.CrtYd) (width 0.05))
    (fp_line (start 1.68 -0.95) (end 1.68 0.95) (layer F.CrtYd) (width 0.05))
    (fp_line (start -1.68 -0.95) (end 1.68 -0.95) (layer F.CrtYd) (width 0.05))
    (fp_line (start -1.68 0.95) (end -1.68 -0.95) (layer F.CrtYd) (width 0.05))
    (fp_line (start -0.258578 0.71) (end 0.258578 0.71) (layer F.SilkS) (width 0.12))
    (fp_line (start -0.258578 -0.71) (end 0.258578 -0.71) (layer F.SilkS) (width 0.12))
    (fp_line (start 1 0.6) (end -1 0.6) (layer F.Fab) (width 0.1))
    (fp_line (start 1 -0.6) (end 1 0.6) (layer F.Fab) (width 0.1))
    (fp_line (start -1 -0.6) (end 1 -0.6) (layer F.Fab) (width 0.1))
    (fp_line (start -1 0.6) (end -1 -0.6) (layer F.Fab) (width 0.1))
    (fp_text user %R (at 0 0 90) (layer F.Fab)
      (effects (font (size 0.5 0.5) (thickness 0.08)))
    )
    (pad 2 smd roundrect (at 0.9375 0 90) (size 0.975 1.4) (layers F.Cu F.Paste F.Mask) (roundrect_rratio 0.25)
      (net 17 AGND))
    (pad 1 smd roundrect (at -0.9375 0 90) (size 0.975 1.4) (layers F.Cu F.Paste F.Mask) (roundrect_rratio 0.25)
      (net 18 AVCC))
    (model ${KISYS3DMOD}/Capacitor_SMD.3dshapes/C_0805_2012Metric.wrl
      (at (xyz 0 0 0))
      (scale (xyz 1 1 1))
      (rotate (xyz 0 0 0))
    )
  )

  (module Capacitor_SMD:C_0805_2012Metric (layer F.Cu) (tedit 5B36C52B) (tstamp 5F86C1F0)
    (at 78.4 90.54 90)
    (descr "Capacitor SMD 0805 (2012 Metric), square (rectangular) end terminal, IPC_7351 nominal, (Body size source: https://docs.google.com/spreadsheets/d/1BsfQQcO9C6DZCsRaXUlFlo91Tg2WpOkGARC1WS5S8t0/edit?usp=sharing), generated with kicad-footprint-generator")
    (tags capacitor)
    (path /6024D6F3/603A69C7/602A13EF)
    (attr smd)
    (fp_text reference C602 (at 0 -1.65 90) (layer F.SilkS)
      (effects (font (size 1 1) (thickness 0.15)))
    )
    (fp_text value 0.1uF (at 0 1.65 90) (layer F.Fab)
      (effects (font (size 1 1) (thickness 0.15)))
    )
    (fp_line (start 1.68 0.95) (end -1.68 0.95) (layer F.CrtYd) (width 0.05))
    (fp_line (start 1.68 -0.95) (end 1.68 0.95) (layer F.CrtYd) (width 0.05))
    (fp_line (start -1.68 -0.95) (end 1.68 -0.95) (layer F.CrtYd) (width 0.05))
    (fp_line (start -1.68 0.95) (end -1.68 -0.95) (layer F.CrtYd) (width 0.05))
    (fp_line (start -0.258578 0.71) (end 0.258578 0.71) (layer F.SilkS) (width 0.12))
    (fp_line (start -0.258578 -0.71) (end 0.258578 -0.71) (layer F.SilkS) (width 0.12))
    (fp_line (start 1 0.6) (end -1 0.6) (layer F.Fab) (width 0.1))
    (fp_line (start 1 -0.6) (end 1 0.6) (layer F.Fab) (width 0.1))
    (fp_line (start -1 -0.6) (end 1 -0.6) (layer F.Fab) (width 0.1))
    (fp_line (start -1 0.6) (end -1 -0.6) (layer F.Fab) (width 0.1))
    (fp_text user %R (at 0 0 90) (layer F.Fab)
      (effects (font (size 0.5 0.5) (thickness 0.08)))
    )
    (pad 2 smd roundrect (at 0.9375 0 90) (size 0.975 1.4) (layers F.Cu F.Paste F.Mask) (roundrect_rratio 0.25)
      (net 19 AVSS))
    (pad 1 smd roundrect (at -0.9375 0 90) (size 0.975 1.4) (layers F.Cu F.Paste F.Mask) (roundrect_rratio 0.25)
      (net 17 AGND))
    (model ${KISYS3DMOD}/Capacitor_SMD.3dshapes/C_0805_2012Metric.wrl
      (at (xyz 0 0 0))
      (scale (xyz 1 1 1))
      (rotate (xyz 0 0 0))
    )
  )

  (module Capacitor_SMD:C_0805_2012Metric (layer F.Cu) (tedit 5B36C52B) (tstamp 5F86C201)
    (at 78.4 31.54 90)
    (descr "Capacitor SMD 0805 (2012 Metric), square (rectangular) end terminal, IPC_7351 nominal, (Body size source: https://docs.google.com/spreadsheets/d/1BsfQQcO9C6DZCsRaXUlFlo91Tg2WpOkGARC1WS5S8t0/edit?usp=sharing), generated with kicad-footprint-generator")
    (tags capacitor)
    (path /6024D6F3/603B63F9/602A50B9)
    (attr smd)
    (fp_text reference C701 (at 0 -1.65 90) (layer F.SilkS)
      (effects (font (size 1 1) (thickness 0.15)))
    )
    (fp_text value 0.1uF (at 0 1.65 90) (layer F.Fab)
      (effects (font (size 1 1) (thickness 0.15)))
    )
    (fp_line (start -1 0.6) (end -1 -0.6) (layer F.Fab) (width 0.1))
    (fp_line (start -1 -0.6) (end 1 -0.6) (layer F.Fab) (width 0.1))
    (fp_line (start 1 -0.6) (end 1 0.6) (layer F.Fab) (width 0.1))
    (fp_line (start 1 0.6) (end -1 0.6) (layer F.Fab) (width 0.1))
    (fp_line (start -0.258578 -0.71) (end 0.258578 -0.71) (layer F.SilkS) (width 0.12))
    (fp_line (start -0.258578 0.71) (end 0.258578 0.71) (layer F.SilkS) (width 0.12))
    (fp_line (start -1.68 0.95) (end -1.68 -0.95) (layer F.CrtYd) (width 0.05))
    (fp_line (start -1.68 -0.95) (end 1.68 -0.95) (layer F.CrtYd) (width 0.05))
    (fp_line (start 1.68 -0.95) (end 1.68 0.95) (layer F.CrtYd) (width 0.05))
    (fp_line (start 1.68 0.95) (end -1.68 0.95) (layer F.CrtYd) (width 0.05))
    (fp_text user %R (at 0 0 90) (layer F.Fab)
      (effects (font (size 0.5 0.5) (thickness 0.08)))
    )
    (pad 1 smd roundrect (at -0.9375 0 90) (size 0.975 1.4) (layers F.Cu F.Paste F.Mask) (roundrect_rratio 0.25)
      (net 18 AVCC))
    (pad 2 smd roundrect (at 0.9375 0 90) (size 0.975 1.4) (layers F.Cu F.Paste F.Mask) (roundrect_rratio 0.25)
      (net 17 AGND))
    (model ${KISYS3DMOD}/Capacitor_SMD.3dshapes/C_0805_2012Metric.wrl
      (at (xyz 0 0 0))
      (scale (xyz 1 1 1))
      (rotate (xyz 0 0 0))
    )
  )

  (module Capacitor_SMD:C_0805_2012Metric (layer F.Cu) (tedit 5B36C52B) (tstamp 5F86C212)
    (at 78.4 39.54 90)
    (descr "Capacitor SMD 0805 (2012 Metric), square (rectangular) end terminal, IPC_7351 nominal, (Body size source: https://docs.google.com/spreadsheets/d/1BsfQQcO9C6DZCsRaXUlFlo91Tg2WpOkGARC1WS5S8t0/edit?usp=sharing), generated with kicad-footprint-generator")
    (tags capacitor)
    (path /6024D6F3/603B63F9/602A13EF)
    (attr smd)
    (fp_text reference C702 (at 0 -1.65 90) (layer F.SilkS)
      (effects (font (size 1 1) (thickness 0.15)))
    )
    (fp_text value 0.1uF (at 0 1.65 90) (layer F.Fab)
      (effects (font (size 1 1) (thickness 0.15)))
    )
    (fp_line (start 1.68 0.95) (end -1.68 0.95) (layer F.CrtYd) (width 0.05))
    (fp_line (start 1.68 -0.95) (end 1.68 0.95) (layer F.CrtYd) (width 0.05))
    (fp_line (start -1.68 -0.95) (end 1.68 -0.95) (layer F.CrtYd) (width 0.05))
    (fp_line (start -1.68 0.95) (end -1.68 -0.95) (layer F.CrtYd) (width 0.05))
    (fp_line (start -0.258578 0.71) (end 0.258578 0.71) (layer F.SilkS) (width 0.12))
    (fp_line (start -0.258578 -0.71) (end 0.258578 -0.71) (layer F.SilkS) (width 0.12))
    (fp_line (start 1 0.6) (end -1 0.6) (layer F.Fab) (width 0.1))
    (fp_line (start 1 -0.6) (end 1 0.6) (layer F.Fab) (width 0.1))
    (fp_line (start -1 -0.6) (end 1 -0.6) (layer F.Fab) (width 0.1))
    (fp_line (start -1 0.6) (end -1 -0.6) (layer F.Fab) (width 0.1))
    (fp_text user %R (at 0 0 90) (layer F.Fab)
      (effects (font (size 0.5 0.5) (thickness 0.08)))
    )
    (pad 2 smd roundrect (at 0.9375 0 90) (size 0.975 1.4) (layers F.Cu F.Paste F.Mask) (roundrect_rratio 0.25)
      (net 19 AVSS))
    (pad 1 smd roundrect (at -0.9375 0 90) (size 0.975 1.4) (layers F.Cu F.Paste F.Mask) (roundrect_rratio 0.25)
      (net 17 AGND))
    (model ${KISYS3DMOD}/Capacitor_SMD.3dshapes/C_0805_2012Metric.wrl
      (at (xyz 0 0 0))
      (scale (xyz 1 1 1))
      (rotate (xyz 0 0 0))
    )
  )

  (module Capacitor_SMD:C_0805_2012Metric (layer F.Cu) (tedit 5B36C52B) (tstamp 5F86C223)
    (at 78.4 48.54 90)
